   10.00000      0.1000000      0.6149300      0.3850309    
   10.00000      0.2000000      0.5641890      0.4357684    
   10.00000      0.3000000      0.5113654      0.4885971    
   10.00000      0.4000000      0.4579678      0.5419883    
   10.00000      0.5000000      0.4067885      0.5931707    
   10.00000      0.6000000      0.3594581      0.6405073    
   10.00000      0.7000000      0.3165088      0.6834483    
   10.00000      0.8000000      0.2778905      0.7220802    
   10.00000      0.9000000      0.2432544      0.7567111    
   10.00000       1.000000      0.2121959      0.7877733    
   20.00000      0.1000000      0.5441451      0.4557983    
   20.00000      0.2000000      0.4748421      0.5250997    
   20.00000      0.3000000      0.4014551      0.5984917    
   20.00000      0.4000000      0.3357894      0.6641598    
   20.00000      0.5000000      0.2804424      0.7195120    
   20.00000      0.6000000      0.2344089      0.7655494    
   20.00000      0.7000000      0.1960100      0.8039504    
   20.00000      0.8000000      0.1637101      0.8362514    
   20.00000      0.9000000      0.1362730      0.8636963    
   20.00000       1.000000      0.1127332      0.8872437    
   30.00000      0.1000000      0.5081311      0.4917876    
   30.00000      0.2000000      0.4172596      0.5826640    
   30.00000      0.3000000      0.3328788      0.6670536    
   30.00000      0.4000000      0.2662101      0.7337315    
   30.00000      0.5000000      0.2145323      0.7854159    
   30.00000      0.6000000      0.1739617      0.8259916    
   30.00000      0.7000000      0.1415023      0.8584531    
   30.00000      0.8000000      0.1150460      0.8849191    
   30.00000      0.9000000      9.3114316E-02  0.9068579    
   30.00000       1.000000      7.4655831E-02  0.9253100    
   40.00000      0.1000000      0.4782513      0.5216340    
   40.00000      0.2000000      0.3669478      0.6329564    
   40.00000      0.3000000      0.2790631      0.7208576    
   40.00000      0.4000000      0.2159490      0.7839851    
   40.00000      0.5000000      0.1697474      0.8301979    
   40.00000      0.6000000      0.1348131      0.8651399    
   40.00000      0.7000000      0.1075948      0.8923642    
   40.00000      0.8000000      8.5837364E-02  0.9141242    
   40.00000      0.9000000      6.8073630E-02  0.9318939    
   40.00000       1.000000      5.3303242E-02  0.9466622    
   50.00000      0.1000000      0.4453322      0.5545187    
   50.00000      0.2000000      0.3178297      0.6820542    
   50.00000      0.3000000      0.2318513      0.7680583    
   50.00000      0.4000000      0.1746741      0.8252510    
   50.00000      0.5000000      0.1346166      0.8653232    
   50.00000      0.6000000      0.1051689      0.8947781    
   50.00000      0.7000000      8.2672119E-02  0.9172816    
   50.00000      0.8000000      6.4949691E-02  0.9350107    
   50.00000      0.9000000      5.0637126E-02  0.9493269    
   50.00000       1.000000      3.8840890E-02  0.9611226    
